1	0	0	0.92388	0.270598	0	0.270598	0	0	0	-0.1	0	0.1
1.00009	-0.000377946	-6.43278e-05	0.929923	0.167216	-0.065678	0.321825	0.011032	-0.0586623	-0.00494436	-25.4587	-2.55011	5.43563
1.00015	-0.00138511	1.88532e-05	0.947288	0.0476306	-0.116353	0.295815	-0.00683174	-0.0979189	0.0233255	-16.7574	-2.30742	2.29278
0.999803	-0.00273889	0.000597385	0.929141	-0.0319358	-0.157192	0.334179	-0.0522566	-0.114725	0.0700883	-10.0691	-2.17281	4.20453
0.998754	-0.00420382	0.00178654	0.927341	-0.0720578	-0.184677	0.31856	-0.117523	-0.116902	0.119207	-5.79337	-1.80687	2.09458
0.996806	-0.00563824	0.00357783	0.908697	-0.101997	-0.199586	0.35326	-0.194506	-0.11086	0.165736	-3.23456	-1.43143	3.69327
0.993844	-0.00697189	0.00593099	0.906371	-0.112402	-0.212408	0.348594	-0.278369	-0.101379	0.208794	-1.66769	-1.11597	2.20661
0.989805	-0.00817774	0.00880478	0.891119	-0.124379	-0.216077	0.38018	-0.365884	-0.0907919	0.248837	-0.717602	-0.809922	3.45214
0.984656	-0.00925146	0.0121654	0.888943	-0.125545	-0.220651	0.382271	-0.455004	-0.08046	0.286492	-0.126191	-0.570253	2.35958
0.978386	-0.0102003	0.0159863	0.875908	-0.130847	-0.218897	0.410554	-0.544385	-0.0709533	0.322294	0.262866	-0.360291	3.30341
0.970998	-0.0110365	0.0202472	0.873255	-0.129349	-0.218581	0.416807	-0.633062	-0.0625251	0.356686	0.518951	-0.188439	2.48741
0.962506	-0.011774	0.0249324	0.861532	-0.131736	-0.213854	0.442142	-0.720386	-0.0552222	0.389983	0.710444	-0.0538213	3.19596
0.952929	-0.0124267	0.03003	0.858065	-0.129498	-0.210435	0.451097	-0.805852	-0.0489921	0.422443	0.848611	0.0643907	2.58284
0.942293	-0.0130076	0.0355305	0.847114	-0.130244	-0.20389	0.474008	-0.889107	-0.0437491	0.454253	0.96766	0.14638	3.1128
0.930628	-0.0135282	0.041427	0.842709	-0.127713	-0.198373	0.484769	-0.969858	-0.0393755	0.485568	1.06344	0.224661	2.6507
0.917966	-0.0139989	0.0477139	0.832185	-0.127256	-0.190599	0.505735	-1.04789	-0.0357667	0.516507	1.15611	0.2714	3.04619
0.904344	-0.0144285	0.0543871	0.826825	-0.124411	-0.183564	0.517697	-1.12301	-0.0328061	0.547172	1.23971	0.32131	2.69698
0.889799	-0.0148245	0.0614438	0.816499	-0.122874	-0.174856	0.537104	-1.19505	-0.0303995	0.577645	1.32882	0.345373	2.99149
0.874369	-0.0151932	0.0688821	0.810222	-0.119519	-0.166599	0.549841	-1.26388	-0.0284474	0.608001	1.42092	0.37661	2.72668
0.858097	-0.0155399	0.0767009	0.799945	-0.11682	-0.157016	0.567989	-1.32934	-0.0268711	0.638307	1.53068	0.387722	2.94535
0.841025	-0.0158687	0.0848999	0.792833	-0.112582	-0.147544	0.581204	-1.39125	-0.0255903	0.668634	1.66352	0.409393	2.74335
0.8232	-0.016183	0.09348	0.782534	-0.108339	-0.136811	0.598341	-1.4494	-0.0245421	0.699055	1.84188	0.416812	2.90463
0.804671	-0.0164853	0.102443	0.774718	-0.102453	-0.125633	0.611848	-1.50347	-0.0236627	0.729656	2.08827	0.439802	2.74852
0.785491	-0.0167773	0.111791	0.764417	-0.0956176	-0.112769	0.628198	-1.55304	-0.0228999	0.760536	2.44822	0.455861	2.86508
0.76572	-0.0170602	0.121529	0.756095	-0.086339	-0.098289	0.641897	-1.59743	-0.0221924	0.7918	2.9831	0.497456	2.73994
0.745431	-0.0173342	0.131663	0.745883	-0.0743116	-0.0806196	0.657619	-1.63561	-0.0214699	0.82353	3.79601	0.544337	2.81743
0.724709	-0.0175984	0.142197	0.7372	-0.0575538	-0.058576	0.671281	-1.66599	-0.0206134	0.855687	5.0367	0.637801	2.70475
0.703667	-0.0178501	0.153135	0.726847	-0.0341472	-0.029319	0.685925	-1.68612	-0.0194235	0.887842	6.93616	0.761	2.733
0.682455	-0.0180829	0.16447	0.716813	-0.000566353	0.0108158	0.697772	-1.69236	-0.0175316	0.918518	9.81223	0.972238	2.58975
0.661277	-0.0182847	0.176162	0.70304	0.0477394	0.0674377	0.706916	-1.6799	-0.0143479	0.943721	14.055	1.25543	2.50176
0.640397	-0.0184343	0.188092	0.68337	0.116049	0.147407	0.706137	-1.64424	-0.00910233	0.954309	19.9092	1.67177	2.18112
0.620108	-0.0185031	0.19998	0.648128	0.207963	0.255659	0.687122	-1.58715	-0.00152886	0.933852	26.9283	2.13811	1.73375
0.600583	-0.0184702	0.21132	0.587942	0.318039	0.388535	0.634848	-1.52754	0.00652233	0.864994	33.1024	2.57514	0.908712
0.581637	-0.0183572	0.221498	0.496291	0.428528	0.526074	0.54233	-1.50075	0.0103147	0.75258	36.0091	2.71319	-0.0859827
0.562807	-0.0182278	0.230169	0.380392	0.51806	0.644818	0.414659	-1.50075	0.0103147	0.629494	36.352	2.47497	-1.16014
0.543977	-0.0180984	0.237295	0.248761	0.578432	0.732055	0.261622	-1.50075	0.0103147	0.506408	36.3034	1.82329	-2.0063
0.525147	-0.017969	0.242877	0.109168	0.606397	0.782891	0.0909023	-1.50075	0.0103147	0.383321	36.31	0.907917	-2.57796
0.506317	-0.0178396	0.246914	-0.030892	0.601962	0.793505	-0.0886292	-1.50075	0.0103147	0.260235	36.3081	-0.169109	-2.71078
0.487487	-0.0177101	0.249407	-0.164006	0.565763	0.763033	-0.267605	-1.50075	0.0103147	0.137148	36.3033	-1.20343	-2.44746
0.468657	-0.0175807	0.250356	-0.283103	0.500997	0.692084	-0.436682	-1.50075	0.0103147	0.0140617	36.3415	-2.06228	-1.77488
0.449827	-0.0174513	0.24976	-0.382171	0.411814	0.584117	-0.586497	-1.50075	0.0103147	-0.109025	36.0695	-2.5866	-0.84732
0.430906	-0.0173591	0.24764	-0.454159	0.30711	0.449025	-0.706128	-1.52201	0.00153181	-0.225592	33.5787	-2.72019	0.199482
0.4115	-0.0174741	0.244255	-0.494472	0.203749	0.310598	-0.786339	-1.5747	-0.0216249	-0.305543	27.8691	-2.51072	1.08762
0.391379	-0.0179173	0.240182	-0.508079	0.117207	0.192684	-0.831751	-1.63071	-0.0486505	-0.33646	20.9078	-2.15194	1.72281
0.370654	-0.0186716	0.235957	-0.505468	0.0519971	0.10399	-0.855457	-1.66913	-0.0703093	-0.332893	14.84	-1.79873	2.10028
0.349584	-0.0196483	0.231901	-0.494919	0.00487908	0.0414181	-0.868413	-1.6862	-0.0840833	-0.311881	10.3448	-1.51968	2.33611
0.328415	-0.0207523	0.22816	-0.480889	-0.0292317	-0.00166683	-0.876763	-1.68547	-0.0908712	-0.283765	7.25365	-1.31829	2.46298
0.307344	-0.0219065	0.224789	-0.465585	-0.054666	-0.0312695	-0.883227	-1.67139	-0.0923392	-0.253349	5.19401	-1.17921	2.55665
0.286514	-0.0230535	0.221804	-0.449657	-0.0744686	-0.0518063	-0.889047	-1.64747	-0.0899498	-0.222542	3.83578	-1.08529	2.60229
0.266033	-0.0241521	0.219204	-0.433698	-0.0906362	-0.0663171	-0.894494	-1.61609	-0.0847765	-0.191985	2.93987	-1.02112	2.65193
0.245984	-0.0251723	0.216985	-0.417456	-0.104466	-0.0767655	-0.899862	-1.57878	-0.0775583	-0.16182	2.34356	-0.977446	2.6688
0.226436	-0.0260919	0.215142	-0.401389	-0.116729	-0.0845031	-0.904957	-1.53656	-0.0687859	-0.132015	1.94048	-0.945232	2.70453
0.207444	-0.0268933	0.213671	-0.384955	-0.127963	-0.0903055	-0.910004	-1.49008	-0.058779	-0.102486	1.66048	-0.920781	2.70802
0.189059	-0.0275626	0.212569	-0.368784	-0.138412	-0.094805	-0.914701	-1.43976	-0.0477395	-0.073146	1.45919	-0.898489	2.74037
0.171329	-0.0280875	0.211835	-0.352103	-0.148324	-0.0982349	-0.919348	-1.38591	-0.0357922	-0.0439119	1.30671	-0.877286	2.73473
0.154295	-0.0284572	0.211467	-0.335812	-0.157704	-0.100962	-0.923576	-1.32875	-0.0230097	-0.0147105	1.18518	-0.85292	2.76832
0.137998	-0.0286616	0.211466	-0.318846	-0.166707	-0.102945	-0.927779	-1.26844	-0.0094318	0.0145271	1.08129	-0.82541	2.75386
0.122477	-0.0286907	0.211832	-0.302461	-0.175204	-0.104495	-0.931519	-1.20513	0.00492338	0.0438692	0.988226	-0.790808	2.79159
0.107769	-0.0285348	0.212567	-0.285202	-0.183336	-0.105387	-0.93529	-1.13897	0.0200486	0.0733873	0.898907	-0.749405	2.7668
0.0939073	-0.0281844	0.213674	-0.268786	-0.190873	-0.10598	-0.938572	-1.0701	0.0359433	0.10316	0.810738	-0.697057	2.81129
0.0809262	-0.0276296	0.215157	-0.251241	-0.197974	-0.105875	-0.941967	-0.998682	0.0526042	0.133276	0.717774	-0.633725	2.77351
0.0688562	-0.0268611	0.217021	-0.234892	-0.204302	-0.105534	-0.944868	-0.924887	0.0700222	0.16384	0.617761	-0.554927	2.82787
0.057726	-0.0258694	0.219271	-0.217083	-0.210053	-0.10433	-0.947995	-0.848931	0.0881698	0.194975	0.501839	-0.45959	2.77341
0.0475611	-0.0246458	0.221917	-0.200955	-0.21475	-0.102853	-0.950656	-0.771069	0.10699	0.22683	0.36339	-0.343171	2.84177
0.0383834	-0.0231823	0.224967	-0.182948	-0.218631	-0.100124	-0.953694	-0.691612	0.12637	0.259584	0.18353	-0.202579	2.76602
0.0302108	-0.0214731	0.228435	-0.167315	-0.22104	-0.0968037	-0.956348	-0.610947	0.146109	0.293456	-0.059931	-0.0342701	2.85455
0.0230553	-0.0195158	0.232337	-0.149324	-0.222237	-0.0912813	-0.959587	-0.52956	0.165846	0.328709	-0.414563	0.168012	2.75276
0.0169224	-0.0173139	0.236691	-0.13478	-0.221337	-0.0839891	-0.962609	-0.448068	0.184954	0.365656	-0.95039	0.404044	2.87271
0.0118086	-0.0148815	0.241521	-0.117468	-0.218558	-0.071992	-0.966476	-0.367273	0.202354	0.404639	-1.79685	0.68298	2.74499
0.00769876	-0.0122507	0.246855	-0.10542	-0.212784	-0.0544735	-0.970293	-0.288233	0.216185	0.445943	-3.16463	0.994265	2.92469
0.00456212	-0.00948423	0.252721	-0.0905998	-0.203949	-0.0253218	-0.974874	-0.212437	0.223317	0.489502	-5.40467	1.33917	2.79798
0.00234529	-0.00669588	0.259142	-0.0842182	-0.190944	0.0204209	-0.978189	-0.142063	0.218598	0.533982	-9.07798	1.6789	3.1265
0.000959547	-0.00407927	0.266105	-0.0757074	-0.17251	0.0959015	-0.977819	-0.0806906	0.194526	0.574405	-14.867	1.93605	3.12127
0.000260453	-0.00192699	0.273483	-0.0794113	-0.148916	0.212655	-0.962863	-0.0336519	0.143793	0.596966	-23.2561	1.98326	3.81188
2.78313e-05	-0.00056493	0.2809	-0.0783835	-0.11538	0.380931	-0.914462	-0.00713234	0.0716679	0.575597	-32.648	1.40023	4.02504
-1.31131e-06	-6.57205e-05	0.28765	-0.083506	-0.0823143	0.580323	-0.806401	2.09417e-05	0.0154603	0.489941	-39.4175	0.254304	4.74493
3.45938e-13	2.36887e-12	0.29305	-0.072414	-0.0407201	0.768365	-0.635227	-2.27333e-11	-1.9662e-10	0.369259	-41.5289	-1.96307	3.96453
1.16225e-13	6.3114e-13	0.296911	-0.0545522	-0.0213172	0.908279	-0.415214	-1.34262e-11	-8.50793e-11	0.246173	-42.0307	-2.95104	3.23425
1.2712e-14	5.52549e-14	0.299228	-0.0324201	0.00552295	0.985866	-0.16665	-3.40025e-12	-1.5665e-11	0.123086	-40.5899	-5.1492	0.971428
0	0	0.3	6.12323e-17	0	1	-0	0	0	0	-1	0	0
